3000
776 753
179 245
402 563
671 375
232 670
747 739
552 303
340 382
143 270
649 226
783 788
321 911
803 626
386 584
647 471
611 799
885 514
68 716
470 297
44 897
678 458
115 713
395 152
257 995
479 809
975 642
227 165
701 391
415 360
547 497
976 972
868 243
33 857
560 182
349 519
729 329
452 30
184 55
260 587
617 56
465 757
372 162
976 641
389 481
424 299
126 516
283 158
204 978
140 718
31 149
432 827
174 150
578 697
251 418
658 142
802 755
958 228
480 482
316 720
825 739
710 313
298 33
359 853
73 893
229 384
922 969
135 95
43 305
953 892
442 236
126 627
877 983
685 452
539 842
327 569
433 960
488 395
375 289
716 848
684 570
964 33
503 1000
665 857
984 129
184 399
719 252
919 584
123 17
783 782
389 491
578 166
549 557
151 889
501 531
195 673
390 59
954 423
416 452
487 226
558 422
448 122
872 754
158 61
266 371
795 690
934 60
661 453
494 412
498 491
116 88
588 894
293 264
911 507
595 541
88 745
843 376
865 85
295 111
146 612
252 180
370 768
910 422
727 111
338 564
202 320
796 599
14 280
947 855
722 516
114 97
981 464
368 880
962 199
978 698
749 220
776 812
636 192
189 528
417 556
530 517
111 546
414 480
618 335
119 594
916 340
340 962
470 469
574 285
140 961
443 507
620 676
677 27
520 561
939 642
162 476
575 168
712 991
208 227
264 835
792 8
429 985
241 55
346 745
419 799
206 987
345 538
673 741
317 514
431 293
393 572
651 295
351 876
365 368
251 881
911 523
400 250
836 580
848 305
961 388
313 631
841 781
172 104
844 143
967 657
648 458
149 671
131 636
260 625
607 437
144 25
471 417
358 167
585 605
331 255
925 622
342 612
437 199
476 828
324 650
883 534
556 713
408 370
571 932
613 632
382 917
925 91
185 731
762 767
837 428
385 457
867 247
580 574
489 985
177 415
866 229
537 387
18 601
667 645
499 279
9 40
505 42
860 520
317 722
924 523
320 769
74 311
678 262
546 206
133 466
491 576
710 122
617 847
467 788
788 249
698 349
658 385
201 2
651 63
850 845
140 65
473 699
62 226
572 172
511 659
682 627
2 103
887 303
259 315
815 288
701 549
512 246
55 668
102 574
764 552
329 62
922 724
377 180
310 457
717 217
661 13
320 268
126 332
453 949
47 277
773 238
701 921
7 577
144 815
479 350
261 828
89 603
926 217
983 58
144 37
610 909
931 44
174 845
575 680
257 811
781 224
302 894
612 54
804 223
549 149
244 881
344 114
955 134
864 730
652 997
957 309
235 424
401 153
941 933
734 338
99 539
13 33
697 400
161 947
554 32
646 219
718 537
740 106
775 893
593 606
152 319
509 161
135 281
439 507
564 462
209 810
642 355
975 282
431 716
606 912
391 820
723 739
861 36
777 581
724 16
719 653
890 695
89 329
110 434
93 595
556 478
49 913
271 917
580 938
847 993
338 37
11 211
820 812
576 987
383 161
162 217
995 304
682 916
655 790
450 337
92 440
605 382
63 6
162 919
258 969
466 664
45 491
367 492
193 774
336 886
318 713
546 639
230 990
754 895
161 367
768 415
682 922
574 230
193 762
746 258
355 200
679 353
15 985
435 761
10 890
556 45
406 946
588 697
606 999
663 664
461 428
939 899
792 153
664 661
449 163
247 101
965 686
823 500
136 312
750 312
192 47
829 199
607 350
255 312
829 852
452 375
709 654
321 687
798 870
554 437
670 739
146 354
98 643
570 201
361 502
800 946
873 134
850 902
409 260
540 604
282 460
263 763
424 267
370 713
61 40
492 204
527 329
483 887
281 216
535 903
240 742
403 734
871 429
957 128
669 252
995 732
332 967
648 222
958 806
263 650
387 23
672 963
62 318
17 845
953 476
975 639
390 685
629 950
984 142
195 902
73 287
891 826
261 374
568 494
958 580
432 906
34 876
692 66
610 633
301 108
308 191
17 865
563 301
574 600
694 409
182 672
142 796
60 748
868 448
854 212
442 519
636 625
776 582
256 521
875 50
446 524
681 289
502 621
40 173
127 501
999 60
246 469
229 827
591 99
633 45
516 824
25 558
892 455
767 821
245 919
625 353
53 980
464 627
837 835
467 893
895 133
813 857
818 983
52 205
132 751
252 21
199 433
619 946
703 779
446 434
947 741
460 175
513 566
425 756
375 251
326 598
352 16
263 487
275 948
861 833
282 312
637 393
425 33
504 474
134 486
397 188
289 51
348 155
939 640
84 157
876 36
928 503
383 638
693 799
97 61
39 623
506 358
916 568
658 662
561 14
40 432
723 779
839 337
321 14
307 995
177 237
203 479
648 368
974 758
430 336
938 298
33 336
451 968
897 955
2 321
428 750
230 977
442 599
575 135
244 551
776 767
888 564
164 684
768 265
133 106
484 338
97 290
125 507
94 727
372 817
664 522
186 875
608 985
89 201
342 173
811 806
603 987
850 170
208 643
327 579
588 376
78 206
508 559
962 520
435 187
349 418
796 736
907 660
565 55
576 600
935 226
319 435
531 729
677 248
655 3
733 702
161 840
420 498
516 207
720 768
961 940
53 878
191 253
336 457
750 756
104 437
248 727
665 103
561 567
666 149
233 230
994 408
631 900
631 240
872 459
711 953
720 242
386 318
281 479
207 395
906 697
319 583
889 460
39 89
20 510
634 457
612 674
414 947
332 299
349 384
969 427
311 862
18 924
238 481
137 711
930 145
962 683
782 70
267 97
3 145
189 142
307 613
35 808
433 182
624 212
895 41
70 575
496 820
180 19
711 343
240 365
439 227
173 29
805 858
38 662
179 408
444 710
631 824
684 224
787 754
893 88
805 251
384 486
306 933
561 528
127 505
245 673
40 170
52 550
149 836
425 298
561 21
880 504
996 154
919 865
812 845
544 343
64 518
990 98
149 152
534 488
716 30
145 58
868 813
903 797
324 819
365 734
436 672
385 778
316 132
438 565
676 489
244 665
870 739
609 1
729 973
502 678
464 910
643 994
123 612
517 291
219 319
665 890
691 665
873 61
646 981
646 738
916 494
678 941
177 505
905 604
119 669
887 73
338 297
316 375
372 728
478 592
779 241
774 734
584 777
45 849
794 781
290 457
594 442
97 101
79 336
109 739
221 823
905 688
218 576
612 914
481 703
163 460
323 488
548 890
898 936
328 374
247 148
287 378
143 536
235 271
426 681
702 53
5 635
493 508
968 219
922 747
681 860
204 927
690 52
482 334
553 772
240 371
247 787
736 813
596 749
852 852
281 683
731 84
37 10
915 253
900 464
278 825
804 60
256 992
402 926
480 393
533 535
21 314
713 634
603 889
48 834
269 212
619 878
421 254
487 3
458 915
310 945
818 758
210 17
232 392
962 261
87 820
422 16
704 945
13 15
496 160
194 392
758 758
706 498
403 572
353 142
363 685
174 221
387 968
164 914
604 903
322 137
23 647
101 551
577 441
268 492
432 992
28 799
454 564
949 8
950 166
933 572
501 565
220 780
172 72
456 87
99 501
882 794
879 98
584 557
487 786
44 16
67 410
445 509
678 276
508 960
974 819
658 212
161 449
856 807
67 966
479 113
933 666
26 937
120 980
184 225
770 931
590 467
232 22
636 524
613 207
223 904
562 133
24 294
727 810
706 645
72 738
761 879
187 613
354 429
921 223
349 292
556 30
138 422
632 323
859 387
628 477
918 786
675 594
359 595
838 88
843 335
596 59
359 122
357 63
378 63
331 641
56 108
226 41
905 616
378 931
737 955
419 174
97 245
912 811
591 202
390 458
89 843
455 722
927 816
34 472
130 325
502 635
647 499
727 125
17 481
223 580
494 627
705 353
784 849
818 280
480 515
73 66
182 299
104 872
955 555
67 264
554 866
297 493
300 673
721 946
356 378
327 591
418 651
462 343
916 95
272 81
850 478
596 94
608 295
640 306
297 939
559 671
114 259
452 854
22 76
200 903
248 594
257 940
861 515
691 208
643 406
867 413
661 348
930 927
305 813
566 411
107 878
407 589
187 778
113 248
652 6
645 670
471 113
685 186
544 556
416 748
102 903
298 598
633 692
64 989
887 303
563 458
904 134
531 721
363 390
293 553
400 534
328 885
783 544
764 547
785 421
684 267
342 96
670 610
158 854
553 136
724 605
414 302
504 474
874 204
220 687
187 770
1 581
776 157
626 494
446 821
433 767
336 37
697 963
495 474
389 259
667 263
399 789
312 456
91 979
869 214
12 494
625 787
327 306
542 134
191 963
162 465
241 96
700 601
881 408
924 870
380 874
6 4
640 785
857 16
680 40
275 663
981 794
79 308
314 717
969 664
582 880
449 983
487 458
663 472
893 493
518 365
948 748
891 957
231 288
824 734
889 361
340 430
581 499
430 460
498 135
426 867
423 868
251 303
821 445
601 666
876 980
708 113
582 935
202 459
332 851
326 946
629 190
338 133
950 450
966 956
479 654
769 366
482 711
150 472
489 959
451 703
496 788
639 152
529 573
74 653
623 489
650 875
413 88
99 194
975 413
846 629
457 685
413 218
279 889
677 891
269 218
405 303
328 302
254 107
172 877
436 349
464 146
29 98
119 158
175 934
224 855
638 428
696 945
798 287
318 811
694 545
71 214
910 993
700 297
746 490
961 72
472 625
431 694
30 311
924 817
447 249
481 165
88 196
596 468
621 637
15 812
242 840
409 785
975 734
620 245
643 701
175 461
388 835
84 166
630 562
372 24
747 235
746 897
809 124
853 829
834 603
2 157
768 768
322 549
327 758
312 314
880 723
693 892
187 529
895 57
980 323
304 587
770 491
235 530
60 987
764 148
716 491
896 36
361 443
218 433
791 265
216 833
570 429
461 294
355 995
89 23
874 881
694 554
396 586
612 9
503 986
687 626
268 339
527 803
980 863
105 910
911 495
988 57
696 811
558 370
941 331
104 649
741 646
47 822
835 128
525 668
978 905
352 6
49 228
408 42
298 613
55 531
22 887
500 171
883 445
824 136
248 295
61 446
655 144
772 830
84 925
302 542
662 880
317 808
108 670
268 727
322 165
972 624
716 619
72 822
930 563
3 152
604 689
297 622
96 792
36 562
98 289
256 588
211 471
440 169
53 217
354 764
237 111
128 829
378 905
241 282
46 981
904 827
363 279
131 546
719 357
910 315
155 803
145 464
848 53
712 464
747 620
521 985
635 395
91 867
416 394
989 287
774 170
629 576
667 338
330 281
517 961
764 463
791 717
946 985
742 891
420 685
79 672
683 684
979 616
29 233
493 774
286 270
371 955
955 896
148 873
112 819
194 378
333 393
567 621
84 895
468 602
222 65
192 597
663 551
142 656
479 735
834 468
778 286
965 744
650 57
231 166
676 313
325 737
881 566
835 772
501 867
707 687
605 682
559 195
732 969
171 121
503 494
383 101
867 391
91 601
619 181
363 695
902 610
358 982
575 760
434 466
751 36
82 773
889 931
603 162
684 483
451 668
303 173
642 106
631 266
926 709
364 164
18 445
189 254
686 17
881 294
765 198
441 162
90 299
690 209
77 770
454 868
845 72
141 980
910 345
136 286
53 838
687 444
689 136
315 181
573 794
94 801
715 738
322 469
635 896
528 766
220 954
730 756
786 999
115 972
433 954
125 755
161 642
986 311
666 528
343 24
690 384
879 456
733 588
668 878
28 245
451 393
833 227
648 779
418 463
151 980
556 575
326 673
185 898
31 61
189 813
18 110
350 285
194 979
522 757
662 701
686 218
875 427
204 765
560 194
756 369
547 612
878 46
914 969
94 502
117 68
130 686
530 928
272 271
136 170
275 221
472 944
968 967
816 282
412 552
35 720
688 205
894 93
488 249
51 730
336 702
675 254
776 116
288 661
585 78
329 142
280 691
482 545
875 835
587 384
562 772
319 6
816 883
384 654
33 262
576 973
462 865
203 850
279 807
684 885
521 492
534 14
544 921
756 367
814 752
98 5
781 344
181 90
73 595
576 607
418 206
313 409
969 480
28 401
744 663
559 176
23 952
573 522
868 93
342 971
298 996
862 191
686 229
765 14
342 492
560 809
338 632
303 446
688 923
78 226
603 628
431 199
371 481
335 643
75 200
272 843
783 504
456 840
220 587
272 906
605 775
559 658
746 902
496 884
164 154
113 493
775 613
109 385
791 992
77 968
246 666
490 97
364 796
823 88
584 314
44 661
22 300
861 869
850 806
365 452
44 253
957 378
205 35
10 558
144 285
654 97
20 419
693 613
9 47
202 685
233 114
411 798
930 275
819 231
185 177
62 109
385 956
34 138
628 46
605 935
169 976
449 711
758 658
255 894
632 483
203 161
649 586
148 304
1 28
919 546
776 47
724 439
418 814
137 108
573 534
509 963
775 336
752 801
148 321
305 372
478 518
265 588
869 140
14 552
850 238
178 461
902 720
165 491
480 36
352 865
519 659
92 18
749 759
610 367
365 542
116 175
510 153
123 116
655 918
219 616
734 242
516 168
404 3
187 704
83 182
368 599
811 12
169 637
585 219
743 26
377 266
478 128
558 740
419 675
95 801
186 32
548 961
150 636
377 138
36 518
146 164
938 512
977 995
3 282
579 349
630 400
177 869
633 446
94 519
88 40
996 868
787 958
829 432
358 680
942 939
178 462
694 549
948 652
640 974
76 348
276 597
889 196
245 998
268 41
999 617
130 996
727 777
110 20
288 586
790 124
243 887
292 63
462 723
584 73
680 286
619 688
788 602
199 659
388 39
286 521
793 211
913 638
912 614
459 769
510 934
924 641
447 502
505 9
523 492
860 449
699 539
240 552
170 54
841 351
903 110
809 655
403 438
405 910
966 204
354 918
486 643
842 678
979 39
931 149
660 481
394 692
158 76
835 115
351 527
389 143
110 372
404 139
397 711
638 764
561 643
763 641
618 466
918 763
590 724
129 26
226 970
168 560
708 979
749 250
203 486
556 915
120 881
623 363
753 641
709 233
394 531
870 740
175 43
898 433
985 51
339 880
53 823
928 591
91 62
236 523
932 747
886 932
301 36
466 649
852 883
848 124
953 668
75 247
375 366
357 607
195 253
553 343
308 791
321 632
771 414
73 896
693 245
452 929
46 903
149 708
185 748
816 325
213 125
227 121
306 546
935 909
741 530
979 280
104 747
59 380
773 555
716 793
276 270
996 259
307 584
568 253
950 437
278 805
479 943
156 946
159 585
640 115
934 586
505 410
424 683
686 770
377 580
838 796
114 996
23 48
987 920
371 850
451 198
424 3
775 202
143 74
607 833
544 242
879 396
3 686
661 175
810 818
886 19
325 651
510 952
174 970
87 951
655 69
633 239
48 511
916 646
917 946
426 995
551 385
400 906
794 754
846 687
175 620
629 902
515 102
248 786
152 313
95 293
962 334
384 280
308 394
742 595
188 233
799 663
933 185
648 26
644 657
420 571
589 281
725 998
726 979
914 34
724 835
753 457
53 300
463 768
662 331
886 568
350 303
550 548
26 593
264 941
74 592
230 530
156 752
783 347
960 116
802 583
564 146
136 997
441 783
503 664
397 778
468 55
546 149
145 948
230 105
679 338
517 761
997 621
885 994
202 957
200 737
848 907
103 397
266 735
12 527
847 889
705 736
399 350
831 226
221 813
82 297
582 875
923 987
849 788
310 581
407 571
646 760
861 668
909 821
264 928
712 741
408 640
769 52
384 182
783 686
292 216
644 290
452 942
390 790
553 327
104 99
614 438
177 803
57 579
614 425
969 871
859 24
345 80
911 814
382 550
889 305
814 45
886 979
794 204
765 618
822 653
236 444
526 311
427 105
595 240
449 529
782 62
63 136
619 880
818 726
842 424
621 860
811 612
534 108
368 293
343 848
471 304
40 822
639 140
707 139
203 138
713 765
590 267
307 69
134 439
938 269
307 810
667 750
786 812
454 198
725 577
406 552
725 934
382 987
707 453
545 304
91 347
299 310
74 760
630 744
201 438
856 234
42 149
627 840
347 431
340 312
673 464
913 192
679 88
797 771
807 908
685 392
32 593
936 883
705 11
450 937
541 213
218 958
335 921
389 385
511 835
954 130
46 25
40 466
910 126
580 780
974 503
856 659
285 189
952 53
676 765
934 190
209 452
41 319
801 574
753 105
702 817
423 573
465 909
947 461
794 296
165 704
566 903
928 522
440 335
507 394
275 501
234 441
206 498
405 816
241 60
736 648
215 217
939 871
813 197
474 962
418 501
47 774
431 580
62 92
265 583
826 565
509 437
414 553
707 513
455 414
318 66
568 823
523 298
525 107
760 238
445 144
743 230
554 999
442 206
98 641
401 836
731 763
178 291
754 318
225 543
469 931
649 249
698 133
737 910
807 598
234 355
900 183
136 555
846 2
31 725
557 138
200 423
880 502
340 520
55 225
448 989
257 262
177 74
23 10
610 19
472 50
188 139
791 879
374 740
451 647
117 512
477 246
581 489
527 605
840 84
491 153
239 675
529 543
335 666
653 815
302 250
576 406
366 149
590 729
104 97
193 646
413 521
44 253
177 63
762 440
321 143
527 215
334 472
759 527
579 196
918 299
612 275
240 691
999 450
218 156
151 594
264 256
886 134
728 680
723 300
735 151
141 896
771 681
343 910
553 972
924 567
128 982
748 957
182 239
880 842
273 512
210 318
920 508
297 8
147 974
132 935
968 499
220 512
352 218
815 99
353 721
106 418
741 473
327 978
187 396
56 629
341 846
154 942
17 51
661 534
668 207
187 359
812 484
271 432
76 719
177 576
430 923
191 894
500 611
837 136
407 890
600 82
220 365
727 562
244 539
787 306
338 452
385 317
147 488
494 526
201 241
26 925
888 276
960 107
293 396
173 888
523 688
607 515
160 205
848 554
351 943
739 490
191 172
22 673
525 601
344 474
965 769
69 922
895 251
760 673
528 524
640 506
885 838
966 902
623 967
310 253
228 540
140 919
706 759
641 411
26 62
374 158
826 447
952 390
755 937
957 711
524 620
949 150
607 932
53 796
59 874
312 813
289 156
567 233
347 301
587 635
98 352
319 960
919 649
195 42
300 661
175 310
355 699
149 635
167 643
35 949
59 382
231 736
320 925
691 736
258 47
451 800
253 798
780 770
132 377
960 247
498 599
831 831
773 10
536 826
647 650
104 80
503 340
778 951
471 298
905 539
799 708
162 483
603 968
540 442
32 94
348 186
381 239
61 600
744 192
973 244
422 249
246 719
950 291
378 970
888 264
928 492
82 389
287 380
324 814
248 104
405 193
802 934
813 78
864 449
453 581
501 527
235 976
930 824
410 475
559 657
154 129
201 409
364 889
339 75
960 297
736 854
18 457
471 450
259 691
192 948
68 209
567 435
664 216
655 628
106 292
24 763
613 741
723 843
651 704
701 736
120 920
931 291
551 902
846 509
245 966
791 399
437 501
492 82
116 664
243 99
478 303
118 161
745 26
983 618
168 954
398 418
242 803
482 982
437 936
357 312
668 104
194 148
857 576
771 930
831 25
470 940
183 531
824 75
325 154
797 526
588 528
630 299
136 307
596 536
90 432
308 875
721 848
428 433
374 250
309 101
881 82
673 361
859 929
535 849
267 444
700 862
797 401
468 137
904 103
506 529
303 653
180 638
730 718
843 838
486 268
345 297
938 467
212 304
291 607
50 483
243 689
21 659
365 781
161 117
252 479
931 736
156 560
93 89
553 83
743 381
135 765
600 878
738 284
238 450
15 607
42 257
595 295
111 221
378 805
828 238
250 428
152 511
178 807
270 907
413 86
761 349
715 341
130 790
385 486
855 751
320 433
358 178
196 912
115 284
606 768
230 390
732 861
937 868
807 444
648 821
133 951
553 229
369 525
166 327
48 104
33 591
868 979
719 767
518 36
664 624
496 430
71 579
201 394
381 632
772 983
34 216
603 679
494 550
688 772
349 211
725 947
458 394
845 839
253 736
634 474
183 752
247 176
157 167
457 492
532 59
178 862
877 593
542 117
289 808
946 698
422 208
17 597
842 87
113 533
263 381
678 810
888 918
277 620
243 168
364 697
535 677
416 683
32 811
502 353
897 3
166 616
842 279
357 488
690 799
290 507
390 117
155 708
250 336
681 541
647 646
154 796
254 286
557 742
764 845
171 91
71 870
52 533
168 199
775 364
529 162
903 139
753 482
98 609
230 263
539 640
938 859
891 954
345 349
355 493
209 790
765 44
515 115
524 849
601 866
833 975
377 80
231 501
809 898
441 32
115 155
379 783
19 877
471 813
486 907
81 90
910 863
868 539
564 480
486 428
285 62
761 923
575 657
468 55
421 606
650 41
450 739
945 65
203 430
622 396
152 432
919 612
588 400
360 377
738 910
522 295
467 924
553 584
189 268
325 499
630 270
324 12
802 480
429 207
441 60
672 967
533 668
37 836
66 321
26 205
118 620
968 401
571 708
568 412
611 26
194 920
348 370
127 98
764 811
776 391
630 967
245 871
917 95
51 161
113 969
408 519
40 564
72 162
663 22
534 641
720 11
915 103
894 809
786 67
415 666
840 731
770 473
102 531
545 928
561 987
600 274
955 287
167 661
67 851
212 898
707 350
653 343
312 222
997 308
399 925
932 254
462 499
500 249
833 612
985 657
615 106
344 514
644 326
116 102
167 507
565 415
710 860
874 342
657 456
256 475
893 762
443 982
699 662
172 86
560 160
292 200
709 239
265 858
817 763
62 816
734 795
472 310
1 338
566 63
438 602
680 38
260 977
635 532
53 116
707 129
305 233
83 286
555 33
458 362
652 270
438 699
182 305
861 671
100 32
473 372
360 390
452 77
92 283
221 318
478 917
969 178
390 431
694 842
849 833
659 897
923 64
236 686
305 863
533 706
661 430
597 795
573 779
629 328
581 398
168 725
444 586
229 617
733 432
787 534
736 909
246 761
472 672
935 147
645 149
696 511
869 869
959 901
214 121
674 342
984 660
237 409
801 33
632 717
88 230
517 64
38 695
536 64
202 702
40 720
196 73
429 997
44 228
378 225
100 161
924 328
155 181
211 762
684 405
730 336
806 592
826 337
101 87
420 807
921 770
78 318
933 709
756 269
570 932
155 809
29 410
659 78
15 616
363 911
140 467
714 984
71 367
915 761
411 371
495 878
964 573
138 53
511 56
807 712
896 251
389 195
251 4
30 272
853 933
293 721
203 685
184 526
363 178
543 248
746 533
236 749
269 119
795 541
572 579
652 667
836 699
734 129
997 240
598 477
19 180
88 560
352 218
149 178
66 729
191 678
256 253
289 779
603 958
650 901
435 365
467 761
272 636
30 161
410 645
26 847
699 414
861 532
283 155
489 811
324 36
666 434
383 601
174 681
102 956
326 223
172 734
373 41
450 964
750 507
388 907
459 884
443 538
515 477
908 511
27 115
953 892
729 637
710 115
53 288
198 752
8 97
535 630
593 906
916 133
550 193
810 875
376 517
869 232
211 507
587 694
156 432
761 400
3 447
341 490
491 85
924 602
832 620
28 462
760 877
349 670
645 209
932 91
434 490
888 489
364 933
432 112
515 459
228 745
833 688
60 887
2 611
910 3
29 624
532 101
682 826
188 880
44 285
66 798
929 203
83 611
487 108
931 30
81 780
362 885
819 224
867 89
666 825
853 530
320 676
749 508
38 745
779 914
242 883
668 625
28 639
800 217
276 816
629 943
470 794
540 94
888 886
210 344
507 270
50 72
680 82
992 409
685 513
297 396
528 972
946 670
612 903
518 464
986 649
212 508
241 327
200 956
688 548
521 60
956 379
859 827
414 416
94 694
582 364
446 871
214 791
20 188
896 755
13 290
433 631
122 75
58 553
384 598
661 512
680 878
317 936
777 773
545 455
101 875
866 648
66 817
635 14
298 131
41 3
429 246
922 57
477 390
531 465
962 460
805 123
15 293
303 845
829 198
890 247
974 694
81 838
597 869
151 583
564 612
310 415
974 893
245 728
382 661
369 15
640 294
608 924
375 34
802 898
406 468
56 575
194 825
410 758
7 896
611 715
123 670
144 39
456 101
289 181
390 22
695 203
952 396
47 733
214 987
37 470
731 497
909 961
384 868
909 120
400 852
191 58
725 42
158 578
515 57
663 149
268 3
571 149
804 607
961 100
813 738
945 826
94 204
566 659
455 581
579 755
713 1000
322 532
804 158
305 625
392 254
535 179
231 131
397 628
627 847
375 314
829 263
565 351
918 662
709 966
465 422
292 312
408 148
693 560
542 844
713 820
621 734
328 14
249 791
518 1
757 578
641 399
900 232
114 778
923 646
506 842
221 7
559 631
622 649
784 304
573 620
685 763
107 80
722 133
201 598
381 516
290 810
366 651
420 551
679 734
661 548
684 55
979 414
69 136
20 702
330 658
975 164
630 101
587 956
190 57
951 560
612 773
994 862
183 334
924 212
293 426
284 537
228 572
443 117
382 835
864 747
91 487
814 390
899 372
627 571
228 738
579 382
8 723
397 367
747 447
467 973
92 949
544 859
610 867
301 819
465 159
20 73
388 463
833 601
949 998
629 444
123 936
845 462
476 744
163 499
507 263
787 452
619 288
257 541
397 450
689 81
462 358
646 279
29 689
760 262
643 452
592 103
652 74
29 131
557 258
20 749
631 254
67 496
595 11
71 684
877 730
959 693
854 102
808 741
845 775
770 68
790 934
347 461
614 386
787 338
510 114
760 914
614 164
243 346
75 806
234 938
363 691
911 377
833 880
329 148
693 831
25 107
766 156
24 668
370 70
831 37
925 744
311 572
440 473
931 705
596 248
594 494
727 284
329 13
694 836
169 499
988 706
364 396
426 253
422 727
768 295
250 339
802 700
666 146
422 396
731 669
29 267
296 856
96 663
678 176
910 929
120 338
99 752
379 645
731 714
333 643
447 37
418 748
318 421
879 68
824 422
155 566
423 909
618 609
87 554
172 602
824 545
270 289
258 57
807 264
280 147
453 274
71 935
856 1
57 932
376 851
469 472
235 117
466 343
370 112
644 582
708 491
725 882
611 521
880 444
670 285
850 48
774 251
793 671
69 993
170 914
643 318
206 271
683 201
253 89
726 269
198 715
631 668
4 565
663 209
709 474
905 971
856 961
888 287
861 659
311 780
58 628
770 837
906 750
196 931
752 322
464 65
973 817
35 956
462 802
546 914
514 212
664 514
355 390
987 869
242 52
984 115
224 461
907 321
698 340
380 577
876 36
191 27
450 791
466 35
307 152
980 435
551 455
316 498
810 886
559 565
161 738
471 445
45 452
344 761
502 208
364 805
641 877
810 995
901 46
147 586
386 65
517 420
635 510
211 204
558 658
997 487
170 109
907 610
840 456
896 925
261 795
189 511
471 846
595 122
621 958
53 911
724 875
774 61
71 416
383 375
647 498
683 60
308 60
342 683
570 986
747 893
943 973
645 981
732 63
417 334
395 407
842 781
